1.901103896103896318e+02 2.355779220779220111e+02
1.904343445538523270e+02 2.346290278867687391e+02
1.907868376059145703e+02 2.336903595995974285e+02
1.911670294587545982e+02 2.327625630409490611e+02
1.915740393022616388e+02 2.318462125258469086e+02
1.920069557196785581e+02 2.309418112168061157e+02
1.924648469115474825e+02 2.300497926615632025e+02
1.929467700949681159e+02 2.291705233211537234e+02
1.934517799751366454e+02 2.283043058933773182e+02
1.939789369193775315e+02 2.274513836785929186e+02
1.945273265662661686e+02 2.266119538741027100e+02
1.950960247347772167e+02 2.257861459716626200e+02
1.956841570900377292e+02 2.249740626621152444e+02
1.962908533444287968e+02 2.241757511925878248e+02
1.969152926359744527e+02 2.233912388689750230e+02
1.975566683326475754e+02 2.226205097098996646e+02
1.982142098896729578e+02 2.218635239536770030e+02
1.988871804206321485e+02 2.211202198187461931e+02
1.995748746006858880e+02 2.203905150395981991e+02
2.002766265738811740e+02 2.196743179366432912e+02
2.009917902175247093e+02 2.189715116620475612e+02
2.017197565508330399e+02 2.182819739230967855e+02
2.024599529957300774e+02 2.176055805840533708e+02
2.032118280114732443e+02 2.169421923222379860e+02
2.039748608051414465e+02 2.162916677324161014e+02
2.047485607902272591e+02 2.156538661666047005e+02
2.055324626231588923e+02 2.150286449758406491e+02
2.063261251591468977e+02 2.144158608413252693e+02
2.071291303824529280e+02 2.138153709481052260e+02
2.079410823261536621e+02 2.132270340156341888e+02
2.087616059937573709e+02 2.126507111991564329e+02
2.095903463150990547e+02 2.120862669087423455e+02
2.104269751037346623e+02 2.115335818064594946e+02
2.112711665317897882e+02 2.109925180534426090e+02
2.121226265486682223e+02 2.104629658138879051e+02
2.129810642742910431e+02 2.099448008182416174e+02
2.138462174467881880e+02 2.094379272874200808e+02
2.147178237962723415e+02 2.089422322536163676e+02
2.155956412380284348e+02 2.084576208757410996e+02
2.164794423053440653e+02 2.079840095143457859e+02
2.173690058127127145e+02 2.075213118476818579e+02
2.182641226644211088e+02 2.070694507138518077e+02
2.191645946693557789e+02 2.066283576145886229e+02
2.200702329218109128e+02 2.061979710616003274e+02
2.209808572029929223e+02 2.057782367388277862e+02
2.218962954079173073e+02 2.053691076568685787e+02
2.228163829960613498e+02 2.049705443028556999e+02
2.237409624640248467e+02 2.045825147888145921e+02
2.246698831231389875e+02 2.042049957134875058e+02
2.256029998513947135e+02 2.038379704729396735e+02
2.265401731905914744e+02 2.034814307469068808e+02
2.274812689275395883e+02 2.031353768131258164e+02
2.284261575072591199e+02 2.027998173861011821e+02
2.293747135967703912e+02 2.024747698094482473e+02
2.303268156564520837e+02 2.021602602629474461e+02
2.312823455166151234e+02 2.018563239861930469e+02
2.322411879568438167e+02 2.015630055206612781e+02
2.332032302855443504e+02 2.012803589719833042e+02
2.341683619170138115e+02 2.010084482941780379e+02
2.351364757671786663e+02 2.007473545109589850e+02
2.361074626442740794e+02 2.004971571456683535e+02
2.370812155485322421e+02 2.002579513939185745e+02
2.380576298312874997e+02 2.000298525119733881e+02
2.390365978582945274e+02 1.998129761684121206e+02
2.400180130548285433e+02 1.996074579588775748e+02
2.410017668266682733e+02 1.994134430042339545e+02
2.419877501518235761e+02 1.992310975302859504e+02
2.429758494992454985e+02 1.990605914449591296e+02
2.439659486216589244e+02 1.989021108680058774e+02
2.449579142727456258e+02 1.987557672248702545e+02
2.459516015719569566e+02 1.986216112583851157e+02
2.469468630827450397e+02 1.984996819726083856e+02
2.479435494282630259e+02 1.983900073735152318e+02
2.489415097692956920e+02 1.982926043670429408e+02
2.499405923040789048e+02 1.982074789097404164e+02
2.509406454731081908e+02 1.981346369330601362e+02
2.519415159979847658e+02 1.980740520295494207e+02
2.529430524541184298e+02 1.980257080098159008e+02
2.539451032643506778e+02 1.979895596056436489e+02
2.549475189515545424e+02 1.979655712602042286e+02
2.559501511040056982e+02 1.979536752873934802e+02
2.569528539069410726e+02 1.979538046491023238e+02
2.579554840235023789e+02 1.979658859356083553e+02
2.589579011405563165e+02 1.979898272064502009e+02
2.599599684183608019e+02 1.980255288637654587e+02
2.609615527616238637e+02 1.980728833437257208e+02
2.619625251764377936e+02 1.981317738660233658e+02
2.629627610870310264e+02 1.982020748657568561e+02
2.639621406214407671e+02 1.982836524451516595e+02
2.649605488654851229e+02 1.983763648414075931e+02
2.659578760847517742e+02 1.984800629070117566e+02
2.669540179146330843e+02 1.985945905989406413e+02
2.679488755187384754e+02 1.987197854732987139e+02
2.689423557162833163e+02 1.988554791820945979e+02
2.699343710793024798e+02 1.990014979690386667e+02
2.709248400007530790e+02 1.991576631614514099e+02
2.719136867347606881e+02 1.993237916555922027e+02
2.729008414104230269e+02 1.994996963929565936e+02
2.738862400207154337e+02 1.996851868253309306e+02
2.748698243881436838e+02 1.998800693666443067e+02
2.758515421088671928e+02 2.000841478299041967e+02
2.768313464770614019e+02 2.002972238477495068e+02
2.778091963913157656e+02 2.005190972753928236e+02
2.787850562448668370e+02 2.007495665749561908e+02
2.797588958014482614e+02 2.009884291804229122e+02
2.807306900585073777e+02 2.012354818426372276e+02
2.817004190994882720e+02 2.014905209539752207e+02
2.826680679368197957e+02 2.017533428524903343e+02
2.836336263471740153e+02 2.020237441054994463e+02
2.845970887004806400e+02 2.023015217727212871e+02
2.855584535577586962e+02 2.025864744026297046e+02
2.865177234585145811e+02 2.028784022667834392e+02
2.874749060716358144e+02 2.031771032575627203e+02
2.884300123550827379e+02 2.034823786163996147e+02
2.893830569587182708e+02 2.037940310962386832e+02
2.903340566353500662e+02 2.041118692739032383e+02
2.912830341196266772e+02 2.044356954865862406e+02
2.922300140973846396e+02 2.047653177036516468e+02
2.931750223853539410e+02 2.051005510640081297e+02
2.941180911350404585e+02 2.054412027580807774e+02
2.950592521328780435e+02 2.057870905915689264e+02
2.959985413725570425e+02 2.061380297673647988e+02
2.969359961893944160e+02 2.064938403993033944e+02
2.978716569304449422e+02 2.068543426456752172e+02
2.988055647658156317e+02 2.072193620851439846e+02
2.997377645959737151e+02 2.075887218720361318e+02
3.006683006864878394e+02 2.079622535207338956e+02
3.015972210592100851e+02 2.083397854678301258e+02
3.025245745066049494e+02 2.087211502993908425e+02
3.034504097795244775e+02 2.091061862824964805e+02
3.043747345370440485e+02 2.094948343924087339e+02
3.052974881967240890e+02 2.098871979994399339e+02
3.062186019161561035e+02 2.102833961033855417e+02
3.071380048568312873e+02 2.106835480220424586e+02
3.080556240377851509e+02 2.110877735348834108e+02
3.089713837798568647e+02 2.114961939231547774e+02
3.098852070635765585e+02 2.119089287144443006e+02
3.107970138318227100e+02 2.123260993012775373e+02
3.117067214013304692e+02 2.127478277616008882e+02
3.126142443278054657e+02 2.131742369133383761e+02
3.135194942676976666e+02 2.136054503623055609e+02
3.144223798365496236e+02 2.140415925431757103e+02
3.153228064638623778e+02 2.144827887531497481e+02
3.162206762444523633e+02 2.149291651779367953e+02
3.171158877863072121e+02 2.153808489096045662e+02
3.180083360549876375e+02 2.158379679558142357e+02
3.188979122146640179e+02 2.163006512399067276e+02
3.197845034659218868e+02 2.167690285912581771e+02
3.206679925544409002e+02 2.172432313279782932e+02
3.215482580521279488e+02 2.177233913606232534e+02
3.224251746160958874e+02 2.182096403993556919e+02
3.232986118838656466e+02 2.187021116206005900e+02
3.241684346762908717e+02 2.192009388897060944e+02
3.250345028221184407e+02 2.197062566778888595e+02
3.258966709820898018e+02 2.202181999640775985e+02
3.267547875257607757e+02 2.207369056743887654e+02
3.276086956816516249e+02 2.212625102788262268e+02
3.284582346441206937e+02 2.217951476756416866e+02
3.293032366142928140e+02 2.223349535949031406e+02
3.301435259966314675e+02 2.228820662147211351e+02
3.309789222331908718e+02 2.234366212288089173e+02
3.318092406626416846e+02 2.239987503143469496e+02
3.326342855528768609e+02 2.245685909885002332e+02
3.334538573902634084e+02 2.251462752443445083e+02
3.342677510138525463e+02 2.257319320576627035e+02
3.350757483794074005e+02 2.263256968265833393e+02
3.358776337731485455e+02 2.269276899817280935e+02
3.366731730924823864e+02 2.275380445648827958e+02
3.374621366075546689e+02 2.281568754412076601e+02
3.382442775605274505e+02 2.287843068480979696e+02
3.390193481842676988e+02 2.294204512399115004e+02
3.397870934120830952e+02 2.300654171128547318e+02
3.405472430891718432e+02 2.307193174792983825e+02
3.412995317833085664e+02 2.313822461285203076e+02
3.420436814890018695e+02 2.320542977529790676e+02
3.427794054508539148e+02 2.327355626909364616e+02
3.435064125962303478e+02 2.334261216732453761e+02
3.442244087000977970e+02 2.341260446003550726e+02
3.449330914669022832e+02 2.348353954840082736e+02
3.456321535622949455e+02 2.355542289639203375e+02
3.463212831573212043e+02 2.362825896169452449e+02
3.470001631917108966e+02 2.370205124948198261e+02
3.476684749901031637e+02 2.377680196896322968e+02
3.483258985056313008e+02 2.385251203195869039e+02
3.489721107944880032e+02 2.392918119831687704e+02
3.496067882451250171e+02 2.400680789220418205e+02
3.502296075731808287e+02 2.408538914450736002e+02
3.508402468891937360e+02 2.416492054006494072e+02
3.514383868354186689e+02 2.424539617066113522e+02
3.520237117867351344e+02 2.432680859472506825e+02
3.525959111092598164e+02 2.440914880467101682e+02
3.531546804688557586e+02 2.449240620278926599e+02
3.536997195503968214e+02 2.457656881734894512e+02
3.542307419527142542e+02 2.466162273418841835e+02
3.547474714317756934e+02 2.474755246420274375e+02
3.552496423418902509e+02 2.483434101236489937e+02
3.557370005225882892e+02 2.492196992120433379e+02
3.562092992105620510e+02 2.501041957876020945e+02
3.566663246182459943e+02 2.509966798039283162e+02
3.571078625806723608e+02 2.518969264264591743e+02
3.575337246967860665e+02 2.528046934879347702e+02
3.579437375228907285e+02 2.537197284236698351e+02
3.583377854425901319e+02 2.546417512087645036e+02
3.587159480939798755e+02 2.555704027526528535e+02
3.590784035630914559e+02 2.565052971110259818e+02
3.594253141092176520e+02 2.574460708585802990e+02
3.597568351781067122e+02 2.583923777121267449e+02
3.600731156269109192e+02 2.593438871511461343e+02
3.603742972578210697e+02 2.603002833855439349e+02
3.606605144232012208e+02 2.612612643513205626e+02
3.609318936933242981e+02 2.622265407361126108e+02
3.611885535785841626e+02 2.631958350356888445e+02
3.614305949177824004e+02 2.641688828991328819e+02
3.616581265179380011e+02 2.651454256979011461e+02
3.618712423358518890e+02 2.661252157215930083e+02
3.620700152568091426e+02 2.671080160498280520e+02
3.622545282320613182e+02 2.680935932193099234e+02
3.624248438335406490e+02 2.690817228914938823e+02
3.625810161889230585e+02 2.700721864422883982e+02
3.627230969750994518e+02 2.710647694768870224e+02
3.628511199344990814e+02 2.720592634681970594e+02
3.629651179639719203e+02 2.730554626123337130e+02
3.630651110086743074e+02 2.740531648607052375e+02
3.631511072723794200e+02 2.750521709059650561e+02
3.632231176761337110e+02 2.760522823997536648e+02
3.632811217109810400e+02 2.770533038946033457e+02
3.633251184467158055e+02 2.780550387583758720e+02
3.633550739289256057e+02 2.790572917603350902e+02
3.633709584319040573e+02 2.800598664430689837e+02
3.633727321840061677e+02 2.810625653432909417e+02
3.633603349264029703e+02 2.820651891003668084e+02
3.633337192221389387e+02 2.830675361186973191e+02
3.632928002307299380e+02 2.840694010717999731e+02
3.632375150487252995e+02 2.850705759124625160e+02
3.631677630387058002e+02 2.860708468329687548e+02
3.630834608951375913e+02 2.870699965361445152e+02
3.629844896361848896e+02 2.880677997971803848e+02
3.628707498762510113e+02 2.890640274651159984e+02
3.627421059777527148e+02 2.900584401919979882e+02
3.625984349736561398e+02 2.910507929978936090e+02
3.624395989525582991e+02 2.920408314581964078e+02
3.622654401617011217e+02 2.930282894399314273e+02
3.620758090583721582e+02 2.940128929049346880e+02
3.618705425940691498e+02 2.949943555892191398e+02
3.616494682316009630e+02 2.959723785053751612e+02
3.614124064278591391e+02 2.969466493807311736e+02
3.611591711217149054e+02 2.979168417306719334e+02
3.608895703034466464e+02 2.988826139189986861e+02
3.606034066751742557e+02 2.998436082104168463e+02
3.603004784122576325e+02 3.007994498216004331e+02
3.599805800360134072e+02 3.017497459788236824e+02
3.596435034083554569e+02 3.026940849918716481e+02
3.592890247702365514e+02 3.036320298850744734e+02
3.589169447144587934e+02 3.045631318834950321e+02
3.585270454435980128e+02 3.054869131605315715e+02
3.581191165216097261e+02 3.064028749499640298e+02
3.576929507812297402e+02 3.073104945649790238e+02
3.572483539850806551e+02 3.082092286299587158e+02
3.567851224678755671e+02 3.090985004269942351e+02
3.563030807307722512e+02 3.099777170439610359e+02
3.558020610018359662e+02 3.108462581386863235e+02
3.552819094667492550e+02 3.117034775224927330e+02
3.547424919482451742e+02 3.125487051083005099e+02
3.541836971290433667e+02 3.133812478778505124e+02
3.536054399170156444e+02 3.142003912424013947e+02
3.530076649170079008e+02 3.150054008371366194e+02
3.523903499644152362e+02 3.157955247864057355e+02
3.517535027677189987e+02 3.165699906541711925e+02
3.510971863791385204e+02 3.173280267096182570e+02
3.504217356017722977e+02 3.180690644511074652e+02
3.497278130047126297e+02 3.187928349679700659e+02
3.490161084910016029e+02 3.194991285312649438e+02
3.482873440334581687e+02 3.201878068343596624e+02
3.475422346612223805e+02 3.208587682930034362e+02
3.467814889351550960e+02 3.215119489773456394e+02
3.460058223863852618e+02 3.221473403199564700e+02
3.452159397907114453e+02 3.227649712691923582e+02
3.444125312976139526e+02 3.233649038788132088e+02
3.435962722905662190e+02 3.239472331962018075e+02
3.427678197735930894e+02 3.245120822062181674e+02
3.419278142100940840e+02 3.250596041665268103e+02
3.410768748061604470e+02 3.255899751701068681e+02
3.402155975223992073e+02 3.261033895484019354e+02
3.393445531480497266e+02 3.266000545078464370e+02
3.384642932917116696e+02 3.270801985953666531e+02
3.375753444125468832e+02 3.275440595664801435e+02
3.366782093504922386e+02 3.279918844985214719e+02
3.357733635188037056e+02 3.284239190013039433e+02
3.348612646334183296e+02 3.288404242008841720e+02
3.339423468047978076e+02 3.292416624740512248e+02
3.330170185684006015e+02 3.296278889196937598e+02
3.320856724822281762e+02 3.299993706611345488e+02
3.311486781730027928e+02 3.303563677027796075e+02
3.302063833372961881e+02 3.306991308413210504e+02
3.292591225250716889e+02 3.310279224066931079e+02
3.283072090383803925e+02 3.313429914157149483e+02
3.273509394935152272e+02 3.316445824123022703e+02
3.263905940071820737e+02 3.319329326311645900e+02
3.254264390499542969e+02 3.322082781734905552e+02
3.244587263921068256e+02 3.324708477249972134e+02
3.234876939983649322e+02 3.327208621838614135e+02
3.225135671805949187e+02 3.329585355662417783e+02
3.215365593466036671e+02 3.331840747318329363e+02
3.205568723139415965e+02 3.333976772229917742e+02
3.195746979700144834e+02 3.335995353107471715e+02
3.185902185133732019e+02 3.337898343295725567e+02
3.176036067428476599e+02 3.339687507980813166e+02
3.166150268977140740e+02 3.341364533282900311e+02
3.156246352478830772e+02 3.342931025605840318e+02
3.146325806206949096e+02 3.344388508494434973e+02
3.136390044538358666e+02 3.345738383796542621e+02
3.126440431296769020e+02 3.346982064967442625e+02
3.116478264439565464e+02 3.348120836764278465e+02
3.106504788057289943e+02 3.349155902658441164e+02
3.096521196915517748e+02 3.350088384626031370e+02
3.086528640821767908e+02 3.350919322900192014e+02
3.076528227834226641e+02 3.351649660935698307e+02
3.066521031546510017e+02 3.352280287750473349e+02
3.056508092151369169e+02 3.352812006516240331e+02
3.046490420180385854e+02 3.353245526961941891e+02
3.036468997559388754e+02 3.353581364026207439e+02
3.026444782521063530e+02 3.353819723909213621e+02
3.016418725912197942e+02 3.353960772505718069e+02
3.006391773625694555e+02 3.354004765439240145e+02
2.996364863657181559e+02 3.353951971879249641e+02
2.986338925649876614e+02 3.353802695932543543e+02
2.976314880426202194e+02 3.353557256047254214e+02
2.966293639759072676e+02 3.353215988181960938e+02
2.956276101343096343e+02 3.352779344925771738e+02
2.946263153691204479e+02 3.352247724787840184e+02
2.936255672434760413e+02 3.351621573323830034e+02
2.926254515118923791e+02 3.350901429558990117e+02
2.916260534204901660e+02 3.350087729699645251e+02
2.906274553412267778e+02 3.349181111169271503e+02
2.896297396733956475e+02 3.348182050567216379e+02
2.886329854814360942e+02 3.347091228531066918e+02
2.876372715993355769e+02 3.345909204860925570e+02
2.866426741084475793e+02 3.344636654690600608e+02
2.856492674217397507e+02 3.343274257299572696e+02
2.846571251618383371e+02 3.341822639763884695e+02
2.836663172993956437e+02 3.340282573112349951e+02
2.826769128995525762e+02 3.338654773404862794e+02
2.816889798585227709e+02 3.336939932785592191e+02
2.807025823083374689e+02 3.335138865756688915e+02
2.797177833220229672e+02 3.333252344854013813e+02
2.787346443223096344e+02 3.331281140337094939e+02
2.777532246125941242e+02 3.329226044044339119e+02
2.767735806408273334e+02 3.327087899384052889e+02
2.757957674267271386e+02 3.324867531061070736e+02
2.748198379729479939e+02 3.322565774130944760e+02
2.738458436517667565e+02 3.320183457634950628e+02
2.728738334547166460e+02 3.317721435634833824e+02
2.719038539749042798e+02 3.315180584580322716e+02
2.709359502331581666e+02 3.312561770494387474e+02
2.699701652943709860e+02 3.309865864771196584e+02
2.690065402885448975e+02 3.307093743269041397e+02
2.680451144343239775e+02 3.304246285435677919e+02
2.670859250655035453e+02 3.301324373444107323e+02
2.661290081500760039e+02 3.298328875906527173e+02
2.651743968108478384e+02 3.295260695437721097e+02
2.642221228975506051e+02 3.292120717665442271e+02
2.632722164965843490e+02 3.288909827941850494e+02
2.623247059653028828e+02 3.285628910669351512e+02
2.613796179674607174e+02 3.282278848659788650e+02
2.604369775096566855e+02 3.278860522526663317e+02
2.594968079786167436e+02 3.275374810109969985e+02
2.585591311791658882e+02 3.271822585933163623e+02
2.576239673727496324e+02 3.268204720691703073e+02
2.566913353163673719e+02 3.264522080772538288e+02
2.557612523017924673e+02 3.260775527803876344e+02
2.548337341949621191e+02 3.256965918234511719e+02
2.539087954754201633e+02 3.253094102941921051e+02
2.529864492757146479e+02 3.249160926868373167e+02
2.520667074206487825e+02 3.245167228684184124e+02
2.511495804662970954e+02 3.241113840477300414e+02
2.502350777387042058e+02 3.237001587468325852e+02
2.493232073721875963e+02 3.232831287750119031e+02
2.484139763471779929e+02 3.228603752051087099e+02
2.475073905275284005e+02 3.224319783521272029e+02
2.466034546972388171e+02 3.219980177540355157e+02
2.457021725965403505e+02 3.215585721546693208e+02
2.448035469572930936e+02 3.211137194886510429e+02
2.439075798288042733e+02 3.206635362929993676e+02
2.430142728260833564e+02 3.202080973180208048e+02
2.421236670785153251e+02 3.197473985753289867e+02
2.412358695941269673e+02 3.192813112735750565e+02
2.403509955403300751e+02 3.188096975857916959e+02
2.394691625989275394e+02 3.183324219416090841e+02
2.385904909385714632e+02 3.178493512349256775e+02
2.377151041383675647e+02 3.173603533289808070e+02
2.368431267760897185e+02 3.168653015399021342e+02
2.359746858088827537e+02 3.163640721810372156e+02
2.351099108355613225e+02 3.158565442277389366e+02
2.342489336197442356e+02 3.153426002499662104e+02
2.333918886283614711e+02 3.148221256008680484e+02
2.325389121136360586e+02 3.142950100296057485e+02
2.316901405872962130e+02 3.137611500942698513e+02
2.308457132556148395e+02 3.132204451853240812e+02
2.300057708118376354e+02 3.126727994972774809e+02
2.291704552544108822e+02 3.121181222681555596e+02
2.283399106164786758e+02 3.115563266572639805e+02
2.275142805341169492e+02 3.109873332907824874e+02
2.266937089964564507e+02 3.104110689291758831e+02
2.258783410441747890e+02 3.098274653374722334e+02
2.250683218742347833e+02 3.092364604403200588e+02
2.242637965660682084e+02 3.086379985172951024e+02
2.234649097942447042e+02 3.080320303853813471e+02
2.226718055285243452e+02 3.074185135670258546e+02
2.218846267223540849e+02 3.067974124421897955e+02
2.211035149910140944e+02 3.061686983828581106e+02
2.203286102807759335e+02 3.055323498685318668e+02
2.195600505305812646e+02 3.048883525813039341e+02
2.187979721240827473e+02 3.042366985575825424e+02
2.180425102256290018e+02 3.035773855571715103e+02
2.172937925699079926e+02 3.029104237676289699e+02
2.165519456963430400e+02 3.022358281331097487e+02
2.158170980587177326e+02 3.015536149003802961e+02
2.150893650322461781e+02 3.008638174858863863e+02
2.143688654188254077e+02 3.001664681820973328e+02
2.136557084597086487e+02 2.994616115823425275e+02
2.129500050935067463e+02 2.987492925779017128e+02
2.122518531846908729e+02 2.980295707900581874e+02
2.115613508753834253e+02 2.973025067710394751e+02
2.108785929288629575e+02 2.965681655039668954e+02
2.102036635317756748e+02 2.958266226616904078e+02
2.095366429551610850e+02 2.950779578383467197e+02
2.088776059810913353e+02 2.943222556797127254e+02
2.082266232359483240e+02 2.935596043985853498e+02
2.075837377012823595e+02 2.927901150840778541e+02
2.069489538484676245e+02 2.920139287626885221e+02
2.063222836034595389e+02 2.912311770216817877e+02
2.057037491649485617e+02 2.904419805177842022e+02
2.050933728019004150e+02 2.896464575812288444e+02
2.044911949946080085e+02 2.888447107434856207e+02
2.038972567292680367e+02 2.880368410400825496e+02
2.033116080533084187e+02 2.872229419170695337e+02
2.027343154563862697e+02 2.864030947300202001e+02
2.021654429882349575e+02 2.855773827875239022e+02
2.016050672965487820e+02 2.847458810544479206e+02
2.010532744050602787e+02 2.839086590935762047e+02
2.005101610740145475e+02 2.830657807805039283e+02
1.999758305898317872e+02 2.822173075888850917e+02
1.994503934129670881e+02 2.813632985430010081e+02
1.989339714224832676e+02 2.805038080810658130e+02
1.984266960242385380e+02 2.796388878307177492e+02
1.979287084262885514e+02 2.787685869874315472e+02
1.974401607654420161e+02 2.778929522403997794e+02
1.969612177887292432e+02 2.770120274901826747e+02
1.964920487191943721e+02 2.761258588338813524e+02
1.960328372817163540e+02 2.752344896241752963e+02
1.955837786926506112e+02 2.743379628202536651e+02
1.951450835176852934e+02 2.734363197875438800e+02
1.947169730294321255e+02 2.725296033819618060e+02
1.942996754486741793e+02 2.716178602438591270e+02
1.938934405667707210e+02 2.707011347490460480e+02
1.934985320680495988e+02 2.697794736336468873e+02
1.931152177759932158e+02 2.688529308134239955e+02
1.927437998766598355e+02 2.679215556790621804e+02
1.923845736736884930e+02 2.669854110226860939e+02
1.920378693510778589e+02 2.660445572739280919e+02
1.917040260411741315e+02 2.650990639717703630e+02
1.913833980447145393e+02 2.641490082550543548e+02
1.910763628768231683e+02 2.631944733916790824e+02
1.907833165839226126e+02 2.622355518964055818e+02
1.905046741724222841e+02 2.612723468079870486e+02
1.902408699774555885e+02 2.603049730720733237e+02
1.899923579548827490e+02 2.593335590351648534e+02
1.897596118773655860e+02 2.583582480539229778e+02
1.895431254127343266e+02 2.573792002228115052e+02
1.893434301169026810e+02 2.563965907080559532e+02
1.891610465794655909e+02 2.554106219212243900e+02
1.889965544191547622e+02 2.544215117373544217e+02
1.888505206124010556e+02 2.534295092364515369e+02
1.887235492134857395e+02 2.524348880534724628e+02
1.886162620076651137e+02 2.514379524598582236e+02
1.885292968287587030e+02 2.504390400008955453e+02
1.884633054352953536e+02 2.494385241677701970e+02
1.884189508959726140e+02 2.484368170604341231e+02
1.883969092634952744e+02 2.474343719350495121e+02
1.883978710620559696e+02 2.464316862855089596e+02
1.884225062624739166e+02 2.454293042296777401e+02
1.884715056543652167e+02 2.444278188527364080e+02
1.885455392264825036e+02 2.434278739043840289e+02
1.886452574084299272e+02 2.424301645050816205e+02
1.887712937421428876e+02 2.414354386575577962e+02
1.889242488106916085e+02 2.404444965336468556e+02
1.891046815120649285e+02 2.394581890570387372e+02
1.893130999041484870e+02 2.384774153565525125e+02
1.895499517958710385e+02 2.375031189693035572e+02
1.898156153010806406e+02 2.365362826997385071e+02
