1.806948051948052978e+02 2.405389610389610198e+02
1.811535575387794950e+02 2.396474090795771019e+02
1.816178155568069883e+02 2.387587117244474655e+02
1.820876572112581755e+02 2.378729537412807815e+02
1.825631525252712208e+02 2.369902179503457944e+02
1.830443780999197543e+02 2.361105929661956679e+02
1.835314105054982008e+02 2.352341698446518024e+02
1.840243262168340266e+02 2.343610421219982811e+02
1.845232015452653229e+02 2.334913058528445333e+02
1.850281125672148050e+02 2.326250596464829243e+02
1.855391403723092481e+02 2.317624078798190794e+02
1.860563614151582783e+02 2.309034551788014369e+02
1.865798599701984415e+02 2.300483139861952111e+02
1.871097124961029579e+02 2.291970952581953043e+02
1.876460001675084470e+02 2.283499161808450140e+02
1.881888034446561733e+02 2.275068970230527441e+02
1.887382081125612956e+02 2.266681652273633745e+02
1.892942896098709582e+02 2.258338453319824737e+02
1.898571344761671185e+02 2.250040732073081813e+02
1.904268208552381338e+02 2.241789833088218415e+02
1.910034317169223357e+02 2.233587177304643205e+02
1.915870485502233578e+02 2.225434221536918074e+02
1.921777512019311018e+02 2.217332458529909047e+02
1.927756202282249092e+02 2.209283435824867752e+02
1.933807368430585143e+02 2.201288758343797838e+02
1.939931784136138617e+02 2.193350056586278072e+02
1.946130221061631005e+02 2.185469015635526659e+02
1.952403449827949373e+02 2.177647378933475295e+02
1.958752212621161561e+02 2.169886928973756710e+02
1.965177248895037394e+02 2.162189510332924272e+02
1.971679277852273060e+02 2.154557018298534388e+02
1.978258984029159819e+02 2.146991388796845115e+02
1.984917026651492051e+02 2.139494608211078059e+02
1.991654050753716660e+02 2.132068726159081109e+02
1.998470656404283261e+02 2.124715830623171371e+02
2.005367436261768717e+02 2.117438085170558679e+02
2.012344908883980850e+02 2.110237669060921348e+02
2.019403596139579804e+02 2.103116853551920542e+02
2.026543928445779557e+02 2.096077912243136439e+02
2.033766314090543403e+02 2.089123190960197007e+02
2.041071116804012888e+02 2.082255089200290286e+02
2.048458643835060400e+02 2.075476050347285479e+02
2.055929116802687702e+02 2.068788531041939507e+02
2.063482716771816001e+02 2.062195051883668384e+02
2.071119563537804424e+02 2.055698178068027460e+02
2.078839691236927649e+02 2.049300492396108950e+02
2.086643045297686285e+02 2.043004590806312137e+02
2.094529544098978135e+02 2.036813160926347166e+02
2.102498949900535763e+02 2.030728820957329503e+02
2.110550991167594646e+02 2.024754274093909885e+02
2.118685291523498506e+02 2.018892218868927841e+02
2.126901367521203099e+02 2.013145342970730383e+02
2.135198627908762319e+02 2.007516318552792427e+02
2.143576442616029851e+02 2.002007904749042666e+02
2.152033989046558986e+02 1.996622715555027412e+02
2.160570391205013436e+02 1.991363423836935453e+02
2.169184654632234412e+02 1.986232660304725073e+02
2.177875665304414667e+02 1.981233004124916874e+02
2.186642210394649339e+02 1.976367012243802606e+02
2.195482957719281387e+02 1.971637177354093637e+02
2.204396462377122248e+02 1.967045930562697151e+02
2.213381160332516799e+02 1.962595618376857090e+02
2.222435389229941336e+02 1.958288533323872684e+02
2.231557371631433568e+02 1.954126869231170360e+02
2.240745219045040812e+02 1.950112713848390626e+02
2.249996956438312452e+02 1.946248090576534651e+02
2.259310488773373891e+02 1.942534864392522991e+02
2.268683640077586858e+02 1.938974815902387832e+02
2.278114129963139476e+02 1.935569562168539335e+02
2.287599608906798210e+02 1.932320628567120480e+02
2.297137645738811784e+02 1.929229395242501823e+02
2.306725735419481111e+02 1.926297093004365308e+02
2.316361307141987425e+02 1.923524799973541803e+02
2.326041732693900599e+02 1.920913438998377103e+02
2.335764335007773980e+02 1.918463775854862376e+02
2.345526404099586273e+02 1.916176450451597475e+02
2.355325194831079045e+02 1.914051937305388549e+02
2.365157928163648648e+02 1.912090503853584949e+02
2.375021828271539448e+02 1.910292351017237706e+02
2.384914094368155304e+02 1.908657430789974683e+02
2.394831936682657272e+02 1.907185589316780465e+02
2.404772578354646271e+02 1.905876552698599937e+02
2.414733248546661173e+02 1.904729816259552138e+02
2.424711209073379621e+02 1.903744784115594371e+02
2.434703756529865188e+02 1.902920764273159762e+02
2.444708218193721336e+02 1.902256846423193224e+02
2.454721970296785116e+02 1.901752029118219127e+02
2.464742440074423087e+02 1.901405195137454598e+02
2.474767110912000874e+02 1.901215143900141129e+02
2.484793525030889327e+02 1.901180519238224349e+02
2.494819290395608959e+02 1.901299869449352400e+02
2.504842083686072840e+02 1.901571663087031538e+02
2.514859650980372692e+02 1.901994324900519473e+02
2.524869814365393381e+02 1.902566132760183280e+02
2.534870472455208699e+02 1.903285309372455743e+02
2.544859596609207131e+02 1.904150073937201739e+02
2.554835242295320370e+02 1.905158514327812611e+02
2.564795541974078787e+02 1.906308701996692321e+02
2.574738704002729719e+02 1.907598690897825406e+02
2.584663022932050467e+02 1.909026443430067559e+02
2.594566864540099118e+02 1.910589947957315360e+02
2.604448676153922975e+02 1.912287140897425104e+02
2.614306985182511767e+02 1.914115924304237240e+02
2.624140384145445637e+02 1.916074242770502281e+02
2.633947547213651319e+02 1.918159988791930175e+02
2.643727220951220716e+02 1.920371052471100768e+02
2.653478218796058172e+02 1.922705340268397549e+02
2.663199422267358614e+02 1.925160762541444228e+02
2.672889778899652811e+02 1.927735237213625510e+02
2.682548300082590913e+02 1.930426693163669540e+02
2.692174058826365126e+02 1.933233073342694013e+02
2.701766187471184253e+02 1.936152337626442659e+02
2.711323867646347026e+02 1.939182489253566075e+02
2.720846342234023041e+02 1.942321530075032001e+02
2.730332912479032643e+02 1.945567468441733752e+02
2.739782904690985674e+02 1.948918409811600156e+02
2.749195724476262512e+02 1.952372394980450281e+02
2.758570786377974287e+02 1.955927592897358522e+02
2.767907581574373808e+02 1.959582110605577157e+02
2.777205618766028579e+02 1.963334146891098442e+02
2.786464442517099087e+02 1.967181935855456913e+02
2.795683649782147882e+02 1.971123704219983779e+02
2.804862860463059633e+02 1.975157738810876253e+02
2.814001726515945165e+02 1.979282359273051384e+02
2.823099930058058362e+02 1.983495918476581039e+02
2.832157181533361268e+02 1.987796802815331887e+02
2.841173217938337530e+02 1.992183432406402233e+02
2.850147798311341489e+02 1.996654266749827116e+02
2.859080696526434053e+02 2.001207814897923072e+02
2.867971729448719316e+02 2.005842577266799651e+02
2.876820719392683259e+02 2.010557116935694637e+02
2.885627493008485089e+02 2.015350055773753581e+02
2.894391929883927901e+02 2.020219982581432987e+02
2.903113878544112936e+02 2.025165603705438855e+02
2.911793247182959021e+02 2.030185576944318484e+02
2.920429927427766756e+02 2.035278644876281078e+02
2.929023824943893715e+02 2.040443577195617024e+02
2.937574873037006000e+02 2.045679146869755414e+02
2.946083001878157006e+02 2.050984179422582940e+02
2.954548150796907180e+02 2.056357529769645964e+02
2.962970264397279720e+02 2.061798086283297096e+02
2.971349300371421691e+02 2.067304756799507572e+02
2.979685222884152154e+02 2.072876477429377928e+02
2.987977998843944079e+02 2.078512216295212056e+02
2.996227598946130684e+02 2.084210970051133245e+02
3.004433993608681703e+02 2.089971767948597119e+02
3.012597166097034460e+02 2.095793651605200125e+02
3.020717098460257830e+02 2.101675693876515254e+02
3.028793774823087688e+02 2.107616992594623468e+02
3.036827180768315770e+02 2.113616670055892541e+02
3.044817285502367668e+02 2.119673895086508821e+02
3.052764088846531081e+02 2.125787819531092566e+02
3.060667579421835285e+02 2.131957633147833064e+02
3.068527721552830485e+02 2.138182577814219769e+02
3.076344515659737908e+02 2.144461869687938247e+02
3.084117937132732550e+02 2.150794775959437857e+02
3.091847958892294628e+02 2.157180584660217448e+02
3.099534569148182754e+02 2.163618582635063490e+02
3.107177724628587612e+02 2.170108110735295384e+02
3.114777412308091584e+02 2.176648489399259461e+02
3.122333582816493163e+02 2.183239096216009330e+02
3.129846209315967371e+02 2.189879296412078986e+02
3.137315245143759626e+02 2.196568490989843951e+02
3.144740638583583063e+02 2.203306098629512064e+02
3.152122352590612309e+02 2.210091533565779116e+02
3.159460302668035752e+02 2.216924272510444780e+02
3.166754450380739172e+02 2.223803752509489584e+02
3.174004717297617617e+02 2.230729463254843097e+02
3.181211019545448266e+02 2.237700908630862386e+02
3.188373290570381187e+02 2.244717583016683307e+02
3.195491426369135297e+02 2.251779027023990238e+02
3.202565333770538132e+02 2.258884777164487616e+02
3.209594918504839143e+02 2.266034377999073968e+02
3.216580049886586039e+02 2.273227415991875944e+02
3.223520619518056378e+02 2.280463461235300429e+02
3.230416504745920179e+02 2.287742103062410308e+02
3.237267543646961485e+02 2.295062972380260078e+02
3.244073612496272858e+02 2.302425668174391262e+02
3.250834549021490716e+02 2.309829829266428192e+02
3.257550175394824805e+02 2.317275111501440676e+02
3.264220335530430361e+02 2.324761153838426253e+02
3.270844820285062724e+02 2.332287644962483171e+02
3.277423449601023435e+02 2.339854249453610748e+02
3.283956006618333845e+02 2.347460665593612248e+02
3.290442271176846134e+02 2.355106595221386954e+02
3.296882015704261448e+02 2.362791747024702147e+02
3.303274988866471062e+02 2.370515849679389930e+02
3.309620939483920665e+02 2.378278631264323622e+02
3.315919596119963444e+02 2.386079835747279105e+02
3.322170668728896317e+02 2.393919220742516245e+02
3.328373875622821174e+02 2.401796535604363783e+02
3.334528880567974056e+02 2.409711570555721778e+02
3.340635374396126736e+02 2.417664091875771817e+02
3.346693015794378994e+02 2.425653887969530729e+02
3.352701436115029310e+02 2.433680764374593934e+02
3.358660259640407162e+02 2.441744527730712662e+02
3.364569102071038174e+02 2.449844986713036121e+02
3.370427552246333676e+02 2.457981964872757032e+02
3.376235181036298627e+02 2.466155293277105045e+02
3.381991540765167201e+02 2.474364810262762262e+02
3.387696164612616485e+02 2.482610361184719920e+02
3.393348565991495320e+02 2.490891798159606765e+02
3.398948237900975755e+02 2.499208979802469912e+02
3.404494652254018661e+02 2.507561770955926477e+02
3.409987253876547015e+02 2.515950045857628083e+02
3.415425455910076948e+02 2.524373690090886555e+02
3.420808677104014919e+02 2.532832575820594059e+02
3.426136280713175211e+02 2.541326600360435748e+02
3.431407613691631582e+02 2.549855659865233122e+02
3.436621999016836639e+02 2.558419653493988051e+02
3.441778734868498759e+02 2.567018483105142082e+02
3.446877060581044816e+02 2.575652072359826548e+02
3.451916226881078273e+02 2.584320323827441257e+02
3.456895428495969895e+02 2.593023158075923789e+02
3.461813827937731958e+02 2.601760498142971301e+02
3.466670554314703736e+02 2.610532269040191409e+02
3.471464702093971937e+02 2.619338397222840626e+02
3.476195329812906039e+02 2.628178810021910294e+02
3.480861442500466865e+02 2.637053443497609919e+02
3.485462016257373534e+02 2.645962227737588819e+02
3.489995991491869063e+02 2.654905089268440292e+02
3.494462240352660842e+02 2.663881965828335865e+02
3.498859600270660053e+02 2.672892787307908975e+02
3.503186866474075600e+02 2.681937478056127020e+02
3.507442770041168387e+02 2.691015965452118621e+02
3.511625991024887981e+02 2.700128171270091570e+02
3.515735156444058589e+02 2.709274010519364424e+02
3.519768828419168472e+02 2.718453394436610324e+02
3.523725494691864810e+02 2.727666231751157397e+02
3.527603613665531839e+02 2.736912406741318478e+02
3.531401542036842329e+02 2.746191807481152409e+02
3.535117562928024313e+02 2.755504310034588116e+02
3.538749910119764195e+02 2.764849765834833875e+02
3.542296716880074428e+02 2.774228018662834643e+02
3.545756028439371903e+02 2.783638895303118943e+02
3.549125841260077436e+02 2.793082187490334718e+02
3.552403994584258271e+02 2.802557686666022505e+02
3.555588295346635732e+02 2.812065134658748207e+02
3.558676413263451650e+02 2.821604255677971764e+02
3.561665921156655372e+02 2.831174736628111646e+02
3.564554289449624207e+02 2.840776223552569490e+02
3.567338826244427992e+02 2.850408332999858771e+02
3.570016791055056729e+02 2.860070611845626445e+02
3.572585262502035448e+02 2.869762568869871302e+02
3.575041195654755484e+02 2.879483649732782737e+02
3.577381419984462809e+02 2.889233229807927614e+02
3.579602585007910989e+02 2.899010618173641092e+02
3.581701230246865180e+02 2.908815031269280666e+02
3.583673697034717520e+02 2.918645602400359849e+02
3.585516178807973802e+02 2.928501358795629130e+02
3.587224713101542193e+02 2.938381211971961875e+02
3.588795098866655735e+02 2.948283958280613319e+02
3.590223020548142472e+02 2.958208243339895489e+02
3.591503940700346789e+02 2.968152564870341621e+02
3.592633098293875378e+02 2.978115253894714556e+02
3.593605598358975612e+02 2.988094446496040177e+02
3.594416291775440300e+02 2.998088078542665471e+02
3.595059849758189898e+02 3.008093856484043727e+02
3.595530721166214789e+02 3.018109238705690700e+02
3.595823180607005156e+02 3.028131409022606135e+02
3.595931281852436427e+02 3.038157253667664577e+02
3.595848930316776091e+02 3.048183333161828727e+02
3.595569784365259807e+02 3.058205853725757493e+02
3.595087433359749980e+02 3.068220640290470556e+02
3.594395270023126727e+02 3.078223104010495490e+02
3.593486602256064657e+02 3.088208214701827501e+02
3.592354650924648354e+02 3.098170469666257532e+02
3.590992621414274026e+02 3.108103869024177470e+02
3.589393701361397575e+02 3.118001883617604904e+02
3.587551204016782549e+02 3.127857446293006092e+02
3.585458549243618336e+02 3.137662922890967820e+02
3.583109398408143988e+02 3.147410113366732958e+02
3.580497647012065840e+02 3.157090228453021723e+02
3.577617697019713319e+02 3.166693946010882996e+02
3.574464376979756821e+02 3.176211388284816053e+02
3.571033146345493492e+02 3.185632185895523207e+02
3.567320146131517049e+02 3.194945511968082315e+02
3.563322393033934077e+02 3.204140186437627449e+02
3.559037765251737824e+02 3.213204716467523099e+02
3.554465236798768046e+02 3.222127463615983061e+02
3.549604848968481292e+02 3.230896716383018656e+02
3.544457824283368268e+02 3.239500847498729854e+02
3.539026609141642439e+02 3.247928460147548435e+02
3.533314893426210688e+02 3.256168540670902303e+02
3.527327569733377004e+02 3.264210586179461870e+02
3.521070781777638103e+02 3.272044813122386131e+02
3.514551794524408024e+02 3.279662250194467106e+02
3.507778858503268680e+02 3.287054812122669887e+02
3.500761214930402616e+02 3.294215500120441220e+02
3.493508883731270203e+02 3.301138408771679451e+02
3.486032487608548536e+02 3.307818731335486291e+02
3.478343225969519494e+02 3.314252916246859400e+02
3.470452587098963591e+02 3.320438513451314293e+02
3.462372252836558459e+02 3.326374196475601934e+02
3.454113976324189252e+02 3.332059736150995377e+02
3.445689435568220915e+02 3.337495909844309949e+02
3.437110081317121058e+02 3.342684352474698812e+02
3.428387116284406488e+02 3.347627581589522947e+02
3.419531378568312334e+02 3.352328849471316516e+02
3.410553246123407121e+02 3.356791978269268384e+02
3.401462653331628303e+02 3.361021382813751188e+02
3.392269006305560879e+02 3.365021875803861917e+02
3.382981187184701071e+02 3.368798625669957119e+02
3.373607551749178128e+02 3.372357094645329880e+02
3.364155903031914931e+02 3.375702895088051605e+02
3.354633541111381874e+02 3.378841836261396452e+02
3.345047229207766009e+02 3.381779729878261946e+02
3.335403261389040495e+02 3.384522489059203281e+02
3.325707442027610341e+02 3.387075950103817945e+02
3.315965140192378726e+02 3.389445938919258765e+02
3.306181303889587184e+02 3.391638208177121783e+02
3.296360472558986885e+02 3.393658346847072949e+02
3.286506826220766584e+02 3.395511860176939649e+02
3.276624210860840662e+02 3.397204174871798159e+02
3.266716136626048979e+02 3.398740478437020442e+02
3.256785830829614952e+02 3.400125876969242427e+02
3.246836238127403931e+02 3.401365246227870216e+02
3.236870058604239944e+02 3.402463340844819299e+02
3.226889763409726015e+02 3.403424777778777752e+02
3.216897605483852089e+02 3.404253954057959390e+02
3.206895647550828699e+02 3.404955156366290225e+02
3.196885768775309771e+02 3.405532443217422838e+02
3.186869690005645452e+02 3.405989803202645589e+02
3.176848977614181990e+02 3.406330989716090016e+02
3.166825063687856527e+02 3.406559686539729341e+02
3.156799252268126565e+02 3.406679357693959673e+02
3.146772733614760114e+02 3.406693382829560619e+02
3.136746592129868532e+02 3.406604988126431408e+02
3.126721815877448876e+02 3.406417270717946622e+02
3.116699304785504410e+02 3.406133202666597413e+02
3.106679877610320091e+02 3.405755649418393318e+02
3.096664279880268396e+02 3.405287342586340174e+02
3.086653189816058784e+02 3.404730904635968045e+02
3.076647224047524674e+02 3.404088853353757145e+02
3.066646938404140883e+02 3.403363663826310699e+02
3.056652843793370380e+02 3.402557614078743313e+02
3.046665397085333780e+02 3.401672979065495497e+02
3.036685013632004484e+02 3.400711914628817567e+02
3.026712074956880087e+02 3.399676435388951745e+02
3.016746913394999865e+02 3.398568599526735170e+02
3.006789838187378905e+02 3.397390286669026978e+02
2.996841125559288344e+02 3.396143328325063635e+02
2.986901020717916708e+02 3.394829508725658798e+02
2.976969741521908190e+02 3.393450553232652283e+02
2.967047491204981498e+02 3.392008058666268084e+02
2.957134441037998727e+02 3.390503634069180521e+02
2.947230745509581880e+02 3.388938806057537931e+02
2.937336541428505825e+02 3.387315041227933534e+02
2.927451953813779255e+02 3.385633724172051302e+02
2.917577077819751139e+02 3.383896273275046269e+02
2.907712009508042001e+02 3.382103969951440945e+02
2.897856825322239729e+02 3.380258088120594948e+02
2.888011586796623078e+02 3.378359872069285075e+02
2.878176354429591015e+02 3.376410472270720788e+02
2.868351164258275503e+02 3.374411071904088431e+02
2.858536053065471947e+02 3.372362764098906496e+02
2.848731043642747522e+02 3.370266631499007417e+02
2.838936161032204950e+02 3.368123674506266525e+02
2.829151410120668402e+02 3.365934919844923456e+02
2.819376796935463858e+02 3.363701325971542246e+02
2.809612321242276494e+02 3.361423821839863422e+02
2.799857968140814251e+02 3.359103345076019309e+02
2.790113733145024639e+02 3.356740739028543317e+02
2.780379590363414195e+02 3.354336889355456037e+02
2.770655525110474287e+02 3.351892591916238189e+02
2.760941510594138890e+02 3.349408651053988137e+02
2.751237514377504567e+02 3.346885854443431185e+02
2.741543508951655213e+02 3.344324934918321333e+02
2.731859456611655332e+02 3.341726630821008257e+02
2.722185312878439163e+02 3.339091673254594639e+02
2.712521049134605846e+02 3.336420705487580562e+02
2.702866609730160690e+02 3.333714441224691427e+02
2.693221960135655308e+02 3.330973491610739075e+02
2.683587050884374321e+02 3.328198496538832387e+02
2.673961831218262546e+02 3.325390076425040888e+02
2.664346251596854245e+02 3.322548825098637053e+02
